1.392044902746440542e-02
-5.662407573743304112e-02
-5.333857494648658326e-02
3.063963539960563517e-02
2.137423939613070437e-02
2.938105916803751896e-02
7.732779918120420704e-02
2.415584053452129662e-02
-5.285823604456157260e-02
-7.474601406932361580e-02
-4.692627719262607716e-02
-2.913574685702204417e-02
-3.078666281038489397e-02
-3.746877253880363107e-02
-2.509085988096154685e-02
-9.364245897650939898e-03
1.374943183123347040e-02
2.214184278951357096e-02
-1.327948397226390818e-02
-4.230776855837467543e-02
-3.918141076123663608e-02
-1.465070118632960834e-02
-2.984503451735357783e-03
-5.099264295525847424e-02
-8.701169214598855617e-02
-3.971822179031328504e-02
-5.277337414318823000e-02
-8.611656933313857620e-02
-1.319886625288299309e-01
-1.268522565560979143e-01
-6.475448851042155118e-02
-8.197411868519691169e-02
-1.224431841818237610e-01
-1.422567245568511635e-02
-2.335156721255331191e-02
2.925102636377862123e-02
1.393451265598745839e-02
3.391162867189041752e-02
5.485444645176660444e-02
-8.017603726678630346e-03
-6.650663284332979097e-02
-3.232396623694951815e-02
-3.495893387639968652e-03
1.002334696931363525e-02
1.130503916714164364e-03
-4.011065886436008220e-03
5.856156909389622148e-03
1.791312275040057508e-02
2.475959121792646600e-02
4.783942241699639525e-02
2.625936894330723956e-02
-8.122181518100362110e-03
-9.340137434525419211e-03
1.682101609314499979e-02
3.097215443417829922e-02
1.896840983435144068e-02
1.036130019005409783e-02
1.971966999982247698e-02
1.458791367412857337e-02
-2.447993014260400890e-02
-2.444209937509805169e-02
-4.538607182030762743e-02
-4.756085715924100038e-02
-4.931889753295577716e-02
-4.229787540238265364e-02
-6.069904131583961707e-03
-3.012560640872639223e-02
2.262598539927906591e-02
1.597195682788555421e-02
4.853001909706058936e-02
3.781787026031435683e-02
-1.025062388387942228e-03
-1.492178784187365471e-02
2.621240966224441110e-02
3.757231426788679163e-02
2.984936803864735727e-02
2.137865836289075394e-03
-3.907753681388243493e-03
3.817972801223594188e-03
2.155044684481658042e-03
-4.283658145799065613e-03
-3.801300069792682128e-03
-3.411321424220833953e-03
-1.684556210291034486e-02
-3.791207209686150385e-03
2.083873448991893987e-02
3.284008602627223883e-02
2.745595096846707370e-02
4.397898160709372284e-02
6.464158827038590793e-02
7.779180727118677197e-02
4.974289503559153197e-02
6.714836168550424034e-02
2.419169770888221840e-02
-1.083584583629552088e-02
5.626303735558810075e-03
3.873527293995194382e-02
-3.063803568563747137e-02
-3.096760079419781306e-02
3.212678262586957101e-02
3.864913947859680010e-02
6.337992019960432544e-02
3.455699772555203414e-02
2.678426558615119857e-02
4.283566796370947422e-02
6.401816556113751333e-02
3.885096945981128536e-02
5.655248082829428952e-03
-3.058274435058430316e-02
-3.410261857813879499e-02
-2.934331204774042953e-02
-3.313773119268163814e-02
-2.671722916745247756e-02
-3.653207309565165151e-02
-3.861882060672881117e-02
-4.146043939725695127e-02
-1.161269135629445712e-02
2.049629723728105604e-02
9.373451191910612060e-03
-1.619803927323027262e-02
6.623029222062841968e-03
5.358076192808595983e-02
8.479250987828533537e-02
7.776820819532087592e-02
7.762871190909267916e-02
5.126929969701380513e-02
2.534894876313559947e-02
2.080739416638839254e-02
3.197867538127698028e-02
-2.491250187706278360e-02
-1.355866152260677693e-02
4.924031204008891272e-02
5.055136006033376928e-02
6.199232500490713810e-02
2.348943531954190631e-02
3.765988407894277357e-02
3.889418795941707724e-02
3.599778030023092351e-02
1.063016058059587307e-02
-2.629407464659570814e-02
-4.731239786100367717e-02
-4.293587073399288134e-02
-4.355297276728654909e-02
-4.052701532680769853e-02
-2.820495179497206281e-02
-1.201482620742167634e-02
-2.280130585530021348e-02
-5.736157438509016659e-02
-4.296588742343412232e-02
-5.785256866536320902e-03
-2.475873825230551564e-02
-6.691528559150447530e-02
-4.530088009368931495e-02
2.167321488741878396e-02
6.943984247124013187e-02
6.828638128308793520e-02
4.442675123541074689e-02
7.027197831776357817e-02
3.834976456097102804e-02
-3.480150977006510413e-03
-3.464904954086089894e-02
1.938886020015532716e-02
1.022628202679102573e-02
4.572927616173858012e-02
2.810554265884581196e-02
3.882664402198052200e-02
1.954063697293123916e-02
4.893905558408126466e-02
2.826925099558505461e-02
-2.131392193093642820e-03
-2.186165095588184833e-03
-2.462429839350213298e-02
-1.575430028645558381e-02
-2.402729732227436386e-03
-7.964032527804157380e-03
-8.705069550817956525e-03
-2.171559875931313235e-02
-1.599033509260794350e-02
-1.101898800400146448e-02
-5.243064183335938849e-02
-7.050842080210979745e-02
-3.802490219845827690e-02
-5.206803767612335626e-02
-9.774527834038156116e-02
-7.586573552288422562e-02
9.854984331966897340e-03
7.778415897985821448e-02
5.966664381249324467e-02
2.610024477673384552e-02
7.415083393170328330e-02
3.944594785637076106e-02
8.780214051135935491e-03
-5.073100877388497798e-02
5.078592281121468988e-02
3.848846001755252405e-02
1.981890780289308207e-02
-2.169449092824028008e-02
-4.552243649150929279e-03
4.381810121725081275e-03
4.024960329437277107e-02
1.762808884927363415e-02
-2.585855697846200715e-02
-1.098960014786521180e-02
-1.244242671499658226e-02
6.000197163187666154e-03
1.482653884601088483e-02
1.919883825485523086e-03
1.946809063763862762e-03
3.784158927193469277e-03
-1.463806598765582737e-02
4.869579870512893288e-03
-1.033175474826759054e-02
-2.065747751256166373e-02
-5.492664843832342943e-03
-1.647504609994665872e-02
-5.326541902027546321e-02
-4.256801345611062326e-02
1.919868411050170386e-03
6.878399820878262905e-02
3.032815864719786217e-02
1.636084452389730687e-02
6.713004856508689167e-02
4.665205830158492689e-02
4.898841435949975731e-02
-7.272528916947980544e-03
6.883214135541944334e-02
5.765841779519840365e-02
-1.032799094626595318e-02
-5.481415576931664146e-02
-1.309580956837990903e-02
3.424059759414032223e-03
2.660646370864314797e-02
3.303518722932578464e-03
-4.150113869803498390e-02
-4.024943612950211691e-02
-1.344903078499652335e-02
3.489180398951483107e-03
-4.721741600943771093e-03
-2.603843831163190833e-02
-2.518982155684074825e-02
2.192815519869324367e-02
-1.193564447135353826e-02
2.514153431350267878e-03
3.378306144910255237e-05
1.770958673105034464e-02
2.662524781122064046e-02
3.619157048237785744e-03
-2.606918879909414857e-02
-2.088179728802060445e-02
-1.291942479418762635e-03
4.809310080007971056e-02
-7.878904047141345457e-03
1.160395352256630118e-02
6.971033103204568593e-02
6.361301830799785673e-02
7.321802136445108855e-02
2.813918188198957088e-02
7.939712521966585390e-02
8.265650692184217316e-03
-5.025709166628034713e-02
-3.906612622928554157e-02
3.876282971711164649e-02
3.691537467536422368e-02
1.157952515577187654e-02
-6.660554969709733819e-02
-5.680569505622375115e-02
-4.179760366058506843e-02
-4.345425723949730007e-02
-9.153383388537014156e-04
1.249888080219247431e-02
-2.182147796763593203e-03
-7.840974838389771356e-03
3.723609819277484950e-04
-9.830889677378907079e-03
1.028574578319771827e-03
8.114335110253630134e-02
8.637206627382544577e-02
2.178149393675446466e-02
-6.002915916933669604e-02
-1.333788460735282067e-01
-1.062621451191020916e-01
-7.154850685070034133e-02
-2.874175830759033781e-02
-5.533771520170382985e-02
-9.356168030139439332e-03
6.122744428816569856e-02
2.546775104759409214e-02
8.419765385262380220e-02
4.045139773113686638e-02
4.482155040566135340e-02
4.505472001363050247e-03
-2.643526414383421883e-02
-1.955410153529166944e-02
1.768270850087700491e-02
-2.669649722249761714e-02
-2.949524395307457844e-02
-2.809013661289408090e-02
7.695173882830587744e-03
3.877868119279309633e-02
4.976318825659759026e-02
8.079120571080218582e-02
1.142838259459861699e-01
9.164449906597524342e-02
3.526149372594997167e-02
-2.050579521439978292e-02
-6.161503228254561204e-02
-3.801555052235953969e-02
5.758053228631924286e-02
8.379703697551695030e-02
6.699418965446080065e-02
6.365071315598934409e-02
-2.042146263375669776e-02
-1.716127799847348701e-02
-1.862055090285999817e-02
-7.984985012946100788e-03
-3.428292183930499448e-02
-5.915309982689033463e-02
-1.842291225720005948e-02
-2.166014902018559979e-02
5.163461638543828669e-02
-2.182063972493306428e-02
-3.208600030596418795e-02
-5.548081588639479887e-03
-1.727088004572644928e-02
-4.745678438593405740e-02
-3.451622337925469575e-02
-5.497931531988809600e-02
-1.373902337173461309e-02
3.707836409943141009e-02
8.991524410300363868e-02
1.115184962401264968e-01
1.172862422366252738e-01
1.094704020106796599e-01
1.493522197568690757e-01
1.319270410204922972e-01
5.131343464160138812e-02
-3.713600646386922693e-02
-1.538419252030267213e-02
-2.192424744336012726e-02
4.296588754643501651e-02
4.731387861282547458e-02
4.904625461681673404e-02
6.908453875576006653e-02
-3.814844807850574504e-02
-4.261923133724586366e-02
-5.223798511627837302e-03
-7.800550025396614344e-03
-7.196482948079516509e-03
-6.208600161876122459e-02
-3.538093510486440413e-02
-8.815378069573640701e-03
5.801551629412336764e-02
-2.900385635636171244e-02
-3.167957286243146958e-02
1.565807714722196667e-02
1.060648992875351136e-03
7.913136366296206342e-03
6.439889541624671532e-02
7.944561865713818671e-02
5.215601377905901281e-02
4.553044153474258837e-02
6.638666816227659084e-02
7.444261306482870266e-02
6.352669586379379452e-02
9.371820258836835102e-03
1.636016746179600953e-02
4.079395090474970120e-02
4.232090360791791739e-02
3.489797808542287327e-02
2.881114051058512870e-02
-1.963150041282736222e-02
-2.244294299860959824e-02
-3.320735483531782328e-02
2.863474069524446150e-02
7.706262879934980270e-02
1.758795691108888670e-02
3.837509422828764422e-02
6.966696081822027105e-03
-1.604980222356727770e-02
-2.475223767284229562e-02
-5.805950840540512192e-02
-6.254427109632395947e-03
2.178166753895777880e-02
6.316743246149110480e-02
-3.770344082301040067e-02
-2.572478640363708158e-02
3.548089296520839930e-03
-5.120270221484815587e-02
5.517424090512169747e-03
4.697311130136821306e-02
3.477227228359694444e-02
-2.436984945528407678e-02
-2.764109339550180344e-02
7.429702598191526008e-02
2.984216433796530593e-02
-1.379391783968703100e-02
-7.448206279391000884e-02
-5.378270739322169036e-02
2.344954097371714646e-02
6.256809785239372812e-02
9.974010628287646729e-02
4.416102570239167219e-02
-2.418123436261305007e-02
-8.281756491463519720e-02
-9.632785824258262297e-02
2.354607876246466586e-02
7.845795062681330811e-02
3.159875661314622691e-02
-5.436641663299565316e-03
6.330024961860652999e-02
2.359883843346077467e-02
-2.239740066644251796e-03
-4.205650023570420282e-02
-4.479608563066605868e-03
6.296235824473618570e-03
5.634746065308369328e-02
-1.380184662082431339e-02
9.108510966331926154e-03
6.492506239978556443e-03
-6.012053470005326861e-02
-6.952773546296058503e-03
2.345388032579597774e-03
-4.224610775339644221e-03
-1.051831350247787490e-02
8.322851830940539500e-03
7.998379449542168673e-02
5.484897828483489834e-02
-4.237602213607586515e-03
-5.985771117269927249e-02
-1.525797568413526754e-02
6.757792086870618997e-02
7.161168389538523360e-02
7.521112262511875368e-02
5.917116621971141993e-02
6.856471612058856989e-03
-4.566004938245110667e-02
-4.520453979147666390e-02
4.545503417283480035e-02
6.752213265450329738e-02
2.917141613707849648e-02
-4.836745533685798959e-02
3.581523052210203867e-02
4.467887743247051652e-02
4.872748142477117267e-02
8.175295361754569834e-03
-2.478936545916167033e-03
3.637684421089882984e-03
6.179599688966883747e-02
4.576970528350954998e-02
3.129899766704522576e-03
1.674656689666958673e-02
-3.080570952626099368e-02
-1.288958253183003326e-02
7.838611961401298085e-04
-1.226635885074750520e-02
-2.010977988086815049e-02
-2.690868485035363689e-02
3.763800287002440348e-02
5.378068800857958159e-02
1.827232994143366748e-02
-5.149126225969204856e-02
-2.489621620248942332e-02
4.991149988219865247e-02
5.136863873095662281e-02
7.512575684906337703e-02
5.458922552786365373e-02
1.317712024698626007e-02
-6.726904494179838240e-03
2.912596006102020213e-02
6.242423065916082037e-02
3.930173332965493371e-02
2.722177385494388424e-02
-2.452929400877494268e-02
-3.478954682734895082e-02
6.361998538798175132e-03
1.324619929280018010e-02
-1.331279937747733601e-02
-3.999022876359437095e-02
-1.405583880792905978e-02
6.099193722797447911e-04
-8.730167511731700900e-03
-1.121380347963893548e-01
-9.048419372377753886e-03
9.326887147758136307e-03
4.481988572809880375e-03
-2.893166229200509754e-02
-6.546525307504201530e-02
-1.286997515920050225e-02
4.060310916810133675e-02
5.760376290491885966e-03
4.458353852092538511e-02
4.237215417668334372e-02
-7.127105972207089905e-03
1.467284595079651650e-02
3.304389506094782686e-02
-3.563498830808964606e-03
2.768371660051883315e-02
9.362196078943209321e-02
1.947510201318084985e-02
-1.323612609886408616e-02
3.247919552757323747e-02
3.539154524726476764e-02
3.181030739701350835e-02
4.683827914199882592e-02
1.012798024352757481e-02
6.098249474797833719e-02
2.655521435319307261e-02
-2.132025023958266166e-02
-2.661788509766630992e-02
-5.358692569444549469e-02
5.207898043981807647e-03
-2.093623959159594469e-02
-3.996407435350941145e-02
-3.341123352645730682e-02
6.016556457929393004e-02
5.040301498585535861e-02
1.599960203204249184e-02
-3.000936577347210199e-02
-5.444505088318318115e-02
-7.593547055577948681e-04
-7.397029196374641652e-03
4.479536922852219577e-02
5.733185809393499116e-02
6.504786750315015575e-02
1.374811936520566914e-02
-1.882517184854322345e-02
1.727496476075526029e-03
2.315941650949193166e-03
3.076339211457414582e-02
6.632894300860880943e-02
2.209126568855639822e-02
-3.436035669572668188e-03
4.645082249235674143e-02
6.932834484732405822e-02
6.590319079435541516e-02
5.923700659086957726e-02
3.743180032067083829e-02
3.668464766620380124e-02
1.631943385003393164e-03
-3.557468041603144282e-02
1.521645180017609095e-02
-1.839978407556385484e-03
1.474187456899111320e-02
3.327822072757914001e-02
-6.872257681287537168e-02
-5.295806281838596336e-02
1.818228454446002215e-02
4.039579054733748176e-02
2.138206238756060543e-02
3.263617969303087788e-03
-6.434665150375819265e-02
-2.254977482291646573e-02
4.530617129841730054e-03
1.158972766228505641e-03
7.406363272298471974e-04
1.732720200842309197e-02
-4.747922858189274758e-03
1.563715019166328870e-04
3.030017485976542468e-02
2.054440864997512939e-02
1.298622931368860305e-02
2.506613573315922411e-02
1.580475948808132691e-02
-4.423055720836626889e-03
3.369139873887044140e-02
6.373484164541726171e-02
6.605228456981541985e-02
4.998342632747103387e-02
8.323333232652066482e-03
-1.480757795489975187e-02
-2.094842236268918897e-02
-1.732503253146032082e-02
7.686928154599459960e-03
-2.129046153925975154e-02
2.411293920437207125e-02
-5.840298965822420148e-03
-7.393312303087741510e-02
-3.086068081102550167e-02
-8.219975468341359642e-03
1.502458422062922898e-02
-8.823198222005740159e-04
2.126020817623485923e-02
-5.799609119111535926e-02
-2.737836129415141539e-02
-3.407373241671727768e-03
1.493574485094586492e-02
-1.013884770944965125e-02
-2.751520205265919200e-02
-5.055940001996069022e-02
-2.013530149458696294e-02
1.032689490054699427e-02
1.821354200669422557e-03
-2.050839836689308943e-02
-2.010941125171657878e-02
-1.009840225418661558e-02
-4.381699717969617103e-02
-2.011272792963644807e-02
3.009990746935164649e-02
4.692865677933374252e-02
4.062095626754273769e-02
-1.116842184612001215e-02
-3.670117195523110026e-02
-4.579313286915131370e-02
-1.404122145958327204e-02
-1.925140358631738380e-02
-4.078069262920767241e-02
2.292963245653446488e-02
-2.193485916867698657e-02
-4.151861389533734875e-02
3.361637946751604156e-02
6.298904409594217185e-03
-3.345314653450257719e-03
-1.577234824652219355e-02
1.646988286931084372e-02
-2.627879853945237071e-02
-5.465143731188258809e-03
-5.939904789628353346e-03
3.057284462367077654e-02
-1.382273413587730565e-02
-6.651543901551147664e-02
-8.348608806561076678e-02
-2.727029511366128520e-02
8.980460734125108799e-03
-3.537848379983713019e-03
-2.982995290262439869e-02
2.661062729667277443e-02
1.675401081197665579e-02
-6.979476808030733725e-02
-8.650872326336946083e-02
-3.161266532329013584e-02
1.763334849235405604e-03
1.789705738939575616e-02
-2.714614849754406686e-02
-3.408379699851857986e-02
-6.287744233520681236e-02
-3.711431782384615186e-02
-4.635046884977007953e-02
-3.400852288548864705e-02
1.066514462214438082e-02
-2.094458824709410135e-03
1.276968947497768118e-02
5.627790648225417663e-02
7.064853451162265811e-03
-3.336734583785472275e-02
-1.651188785729002656e-02
-3.025157863256499810e-03
-2.145594383824274420e-02
-1.631407553286471409e-03
1.803468020984745916e-04
2.278167012684703327e-02
-1.351126512689195154e-02
-6.373917407303034133e-02
-8.073795301651050249e-02
-3.423286601483808977e-02
2.894552108757276728e-04
5.427534545339395521e-03
-2.472343805227492867e-03
4.564227708170597725e-02
4.986715392677750630e-02
-3.132339606680565464e-02
-7.168088947702842828e-02
-2.403059565159982452e-02
-1.775160539983312857e-03
1.926993410989838798e-02
-2.315481040142775698e-02
-2.205733670654753953e-02
-2.752592575786754620e-02
-4.595847367846889880e-02
-5.171094381615982255e-02
-3.428239983817907982e-02
-1.225434926621037784e-02
1.544418382533587972e-02
3.246749375784726416e-02
4.100484683922805702e-05
-3.903914549624666608e-02
-6.251686203005712983e-02
2.053475494683649344e-02
3.406738657653323593e-02
-2.150275762596908641e-02
-3.232659637320983714e-02
-1.762666826358829514e-02
-1.073905392047762135e-02
-3.287335017006839250e-02
-4.538955166434547467e-02
-6.185555739017428029e-02
-5.206262152847893759e-02
-1.243620848195857963e-02
1.117416249424677162e-02
9.546230763085914936e-03
2.276938860240052681e-02
8.160918548800423500e-02
6.569119602195461205e-02
2.535160700238356379e-02
3.427818742433243193e-02
2.882276222955120534e-03
4.819837687003971499e-03
-3.950546417149313622e-02
-3.038255749612084680e-02
1.607430178605008531e-02
-2.960910290872564160e-02
-1.228280695486619507e-02
-1.670020209698444558e-02
-7.572721023661731568e-03
3.493225401035922328e-02
3.705273894743633251e-02
-1.131560248918660715e-02
-4.881777569930931954e-02
-5.346629018454761989e-02
3.412037264127520952e-02
6.671535396939859419e-02
-2.812908381170112562e-02
-5.642076348617595244e-02
-1.501089001696692508e-02
-2.651316119048162737e-02
-4.834874659434869326e-02
-3.104186701645293353e-02
-2.095152003217690823e-02
-8.085177017211762213e-03
1.078639469920825850e-02
3.650337302229224312e-02
1.883669885794745508e-02
6.459172373075187934e-03
7.160752699967236345e-02
8.043280706032591987e-02
3.515943785453989195e-02
3.168515118418915866e-02
-1.342463711576057442e-02
-1.832449564642698453e-02
-4.683567061780489343e-02
-2.633822980775483644e-02
3.498986336123248442e-02
-1.125627835067035017e-02
1.975706405812249072e-02
2.390879224554922841e-02
-5.717860795254220072e-03
8.564818801680768728e-03
2.426051826778349212e-04
9.518101266246667413e-02
2.600496349471357119e-02
-1.849418759995285350e-02
-1.288100843105440159e-02
1.509676032863140754e-02
-6.312545021942558843e-02
-4.381406459030755957e-02
5.638029596544276434e-02
-4.397882236629303832e-02
-6.635138322364018959e-02
-4.957350461590740581e-02
-4.102072183296767011e-02
-2.713561506617214944e-02
-3.100118707131260115e-02
7.870124803064633065e-03
3.941294611701636613e-02
6.661430782687879915e-02
5.607557693396279103e-02
1.326558171471087753e-02
-3.287553770493999855e-02
-2.956457167063716168e-03
2.867581015617440623e-03
2.707135771176567840e-02
2.084806707016952088e-02
1.022859647952819272e-02
4.593846234958821884e-02
6.417173150722181888e-04
3.759949414833665959e-02
5.736392003653300459e-02
-9.246213924258015263e-03
-1.843277125798302440e-02
-2.095552234591668492e-02
4.018019426689262152e-02
3.574069441837633698e-02
2.152002038142138834e-02
4.860478833701564749e-02
8.354586257477920929e-04
-2.749358113994633535e-02
1.278720960814245904e-02
6.267440241071602081e-02
-2.939649463902392970e-03
-3.653098998341061665e-02
-2.526914336428980057e-02
-3.975522402235902308e-02
-5.498925440965874052e-03
-4.537147180549791492e-02
-2.211463997966449033e-02
1.030525073744244756e-02
2.250821737402072635e-03
-4.547803223171421189e-02
-8.579587142285129142e-02
-6.393568926412643294e-02
-2.981288149184215322e-02
1.993212403518688364e-02
3.282834006546523492e-02
1.411528956244744414e-02
4.395432835355997381e-02
7.766934705232236835e-03
-3.931913856316864714e-02
-4.038736828186530875e-02
-3.232458815873065841e-03
1.368631622845903166e-02
-3.514553347915064241e-02
-4.449621268464761664e-02
-4.077980620472859696e-02
-6.461248196967375734e-02
-4.314975160636275175e-02
2.663909729004487314e-03
4.096997504378592503e-03
-3.185472335404732069e-02
-1.579848963415337454e-02
8.009429942832419977e-03
4.330135160721971382e-02
2.052448113366015306e-02
2.249034549671443534e-02
-1.356873726770821235e-02
3.045413854825671689e-04
-2.521917728599022343e-02
-1.410815844749415369e-02
-1.762725846924045534e-02
3.280968989510037268e-03
7.722493318442347340e-04
-2.060535161215310690e-02
-1.018013950100391148e-02
-1.337845861685423195e-02
-1.113084648836934649e-02
-5.908847273115777881e-04
-3.468496823706960878e-03
5.303829196731751905e-02
-8.450453322215972785e-03
-1.544444593279376519e-02
-2.594305836870520326e-02
-2.452044815470762543e-02
1.684285420073834433e-03
1.224366118025673432e-02
1.439929174521486360e-02
1.232699516273278763e-02
-3.386080026298635831e-02
-8.901927632742213242e-03
2.120746548927422356e-02
4.942260089142233581e-02
1.679850800261211211e-02
9.321153491813005676e-03
-6.778936632685337443e-03
1.853174331752388895e-02
3.075493936249106778e-03
-9.454414172104068370e-03
-2.788872520432954943e-02
-1.773723839199161864e-02
-3.015166966456121755e-02
-6.019533560355126711e-02
-1.205161612357522477e-01
-1.144940499240921367e-01
-7.943885953747875650e-02
-5.316458242171828025e-02
-1.574388915166652012e-03
-1.132885907299103351e-02
-4.415157937836344804e-02
-2.865263570513411004e-02
2.820606977068874574e-02
3.471821730296537761e-02
-1.870115593815874222e-02
1.092643423105497946e-02
-7.334965647926726742e-03
-1.714214599592936081e-02
2.439982982088642963e-02
3.102349078105662641e-02
2.095683247591594890e-03
6.152163122683483587e-02
4.474141473275699415e-02
4.778749844455729839e-02
4.227774196547046809e-02
6.145222721168170504e-02
3.325692815864812746e-02
8.280230692458621228e-03
-3.187092439798584059e-02
4.777903560916265703e-03
1.005431279051414127e-02
-3.663448219002433514e-03
-8.994609737524804013e-03
-5.402955148672485865e-03
-1.693769908377720443e-02
-5.751519064737820736e-02
-9.974785670251563874e-02
-5.743620117748764187e-02
-4.412147614887389907e-02
-2.710028520165480223e-02
1.744402613757474810e-02
-3.175809768661744855e-03
-3.615681015545658267e-02
-1.664547135151464574e-02
5.110289882685882523e-02
-6.309406389574073563e-03
-1.877308174048291734e-04
2.768244845085329753e-02
9.757552301118911989e-03
5.695036310864336551e-03
3.503963155036254884e-02
1.208360471096838785e-02
-8.908083913676629814e-03
-1.301297197802892339e-02
2.693384515099528018e-02
2.727140417010828766e-02
3.780083817110422781e-03
4.270444639375916770e-03
-3.132994952266103268e-03
1.440927684011865731e-02
-4.017761773253880966e-03
1.452758147642939368e-02
1.578082935590972499e-02
-2.502258338591093791e-03
-1.182139644815157799e-02
1.078915499702050480e-02
1.057882713442214601e-02
-5.645057657594293454e-03
7.657300164404009200e-03
8.503759304868943603e-02
5.765055571762936482e-02
3.956263483986557222e-02
5.132553626022598459e-02
9.332147077492049941e-03
-2.324098551649344049e-02
-1.345122303673763030e-03
1.457989543992507277e-02
-2.617022447794893625e-02
2.176687464254729171e-02
1.438047874511048062e-02
1.133700763360437867e-02
4.658647700168341843e-02
6.481918207816143862e-02
1.742408666367264991e-02
3.482499631917596733e-02
-4.572939913172124199e-02
2.895660529962456459e-02
4.357582103512815108e-03
-2.720353829612779176e-02
-4.424738550098939599e-02
-4.042394754473749297e-02
7.615961334464936734e-03
2.021210502111761564e-02
-1.924263141473654334e-02
3.578538042344044968e-03
2.931497393997536255e-02
-4.310681130449529885e-03
-1.336157558841581140e-02
-3.522528622221699629e-02
-3.664589196421818434e-02
2.846389942836119891e-03
5.914422576517360669e-03
9.070832918004621132e-03
2.719160685732537053e-02
3.762329878355911983e-02
1.214943224687119530e-02
1.868433562323716310e-02
4.126503197794876426e-02
-1.506475390548458505e-02
-2.669431917563825155e-02
2.105010725436267955e-03
-3.332585409076013749e-02
-2.379306613104172421e-02
4.528500275245437440e-02
1.099045615318184760e-01
2.346945416469684020e-02
2.932245299472619263e-02
-5.971639284541202519e-02
1.393691479635232079e-02
1.901436367198955368e-02
1.532857275051382508e-02
-1.259175042837689697e-02
-4.516078996215957403e-02
-1.801878880492979176e-04
-1.148145600894410166e-02
-3.742000349242379648e-02
-1.629298968065947747e-02
3.675964232469079718e-02
-8.732486583841042593e-03
-1.588902638576724508e-02
-3.139192503359757719e-02
-2.476876354921179677e-02
-1.127796059579361590e-02
-3.639543140277713001e-02
1.130632914651451965e-02
4.275001531894087603e-02
1.601837496504325900e-02
-1.600354454362140980e-02
2.211510579071115229e-02
5.904015130339076295e-02
-1.626803223915548186e-02
-8.644818381882586611e-03
-1.879746738001582262e-02
-4.368727153511921257e-02
-4.253440394549860837e-02
-4.551730393523340662e-02
8.550517393694502533e-02
-1.518904648408527652e-02
-2.960250363556530401e-02
-9.259368758999435289e-02
-4.807137082029579872e-02
5.235478195047845286e-04
3.683925871164649840e-02
2.624638841751355742e-02
-2.075132975496671306e-02
4.224359050566307144e-02
8.031864848092854295e-03
-8.181928534897681127e-02
-5.689942693418961056e-02
3.480540942736416038e-02
1.468062786469950375e-03
-1.070311938205677649e-03
7.494509624803922035e-03
2.183236675922004683e-02
7.978778776989346733e-03
3.357571342902408024e-02
6.394679889930500460e-02
7.609379450899113329e-02
1.470390755030707465e-02
-5.066498353132840166e-02
-2.496966294085985888e-02
2.559377168965631250e-02
-1.054577344834606127e-02
3.667807049227970323e-02
-1.783063199778966990e-02
-1.485752670006452308e-02
-3.216575882402048642e-02
-1.031646796647728292e-01
2.767408526823957049e-02
-7.779961624741671411e-02
-8.449173896277969997e-02
